{'t0': 9740.589820175524,
 'u0': 0.13155221517152452,
 'tE': 76.0609290232241,
 's': 0.5131489031763202,
 'q': 0.17983462407587705,
 'alpha': 0.976921872360023,
 'rho': 0.12345030403109646,
 'pi1': -0.2738452974262414,
 'pi2': -0.0009010915683891783}
